-2.19956 3.7384 -12.2958
-1.29229 2.03607 -12.8134
-2.47321 3.49839 -12.3144
-2.39186 3.58888 -12.3044
-1.23023 2.06801 -12.8144
-2.68627 2.97982 -12.4058
-1.89357 3.86155 -12.3086
-2.58102 2.43936 -12.5454
-1.65259 3.88641 -12.3355
-0.989899 3.61312 -12.4886
-1.89357 3.86155 -12.3086
-2.6721 2.69261 -12.4744
-0.894989 2.36709 -12.7905
-2.66857 2.67607 -12.4787
-1.79878 1.93974 -12.7672
-0.885007 2.38128 -12.7885
-1.2385 3.78798 -12.4144
-2.24369 3.71023 -12.2963
-1.69512 1.93798 -12.7817
-1.15592 2.1137 -12.8139
-0.734862 3.16433 -12.6272
-1.96092 3.84393 -12.3036
-2.38512 2.18762 -12.6303
-0.977929 3.6012 -12.493
-2.04328 3.81554 -12.2991
-0.71432 3.04773 -12.6571
-1.81598 1.94107 -12.7646
-2.61422 3.26111 -12.3503
-0.915684 2.33922 -12.7941
-0.915684 2.33922 -12.7941
-0.75035 2.65985 -12.7421
-2.54719 2.38106 -12.5635
-1.79878 1.93974 -12.7672
-0.734862 3.16433 -12.6272
-0.915684 2.33922 -12.7941
-2.68529 2.7762 -12.4532
-2.46227 3.51188 -12.3128
-0.740969 2.69286 -12.7358
-0.708469 2.92911 -12.6854
-2.49439 3.47086 -12.3179
-1.09312 3.7005 -12.4544
-1.11328 2.14406 -12.8126
-1.59152 1.94688 -12.7936
-1.85027 1.94463 -12.7591
-1.67782 1.93872 -12.7838
-1.25389 3.7953 -12.4106
-2.27228 3.69023 -12.2971
-2.59292 3.30825 -12.3423
-2.37936 3.60101 -12.3033
-2.39186 3.58888 -12.3044
